-0.5	5.63313e-21
-0.399	6.90663e-21
-0.298	8.46457e-21
-0.197	1.03697e-20
-0.096	1.26985e-20
0.005	1.55439e-20
0.106	1.9019e-20
0.207	2.32617e-20
0.308	2.84392e-20
0.409	3.47549e-20
0.51	4.24558e-20
0.611	5.18419e-20
0.712	6.32773e-20
0.813	7.72036e-20
0.914	9.41565e-20
1.015	1.14785e-19
1.116	1.39876e-19
1.217	1.70382e-19
1.318	2.07457e-19
1.419	2.52496e-19
1.52	3.07187e-19
1.621	3.73573e-19
1.722	4.54119e-19
1.823	5.51807e-19
1.924	6.70236e-19
2.025	8.1375e-19
2.126	9.87591e-19
2.227	1.19808e-18
2.328	1.45284e-18
2.429	1.76105e-18
2.53	2.13377e-18
2.631	2.58433e-18
2.732	3.12875e-18
2.833	3.78631e-18
2.934	4.5802e-18
3.035	5.53829e-18
3.136	6.69406e-18
3.237	8.08772e-18
3.338	9.76755e-18
3.439	1.17915e-17
3.54	1.42289e-17
3.641	1.71633e-17
3.742	2.06943e-17
3.843	2.49416e-17
3.944	3.00484e-17
4.045	3.61859e-17
4.146	4.35593e-17
4.247	5.24138e-17
4.348	6.30425e-17
4.449	7.57955e-17
4.55	9.10911e-17
4.651	1.09429e-16
4.752	1.31405e-16
4.853	1.57729e-16
4.954	1.8925e-16
5.055	2.26977e-16
5.156	2.72115e-16
5.257	3.26095e-16
5.358	3.90625e-16
5.459	4.67733e-16
5.56	5.59833e-16
5.661	6.69795e-16
5.762	8.01029e-16
5.863	9.57586e-16
5.964	1.14427e-15
6.065	1.3668e-15
6.166	1.63193e-15
6.267	1.9477e-15
6.368	2.32362e-15
6.469	2.77097e-15
6.57	3.30309e-15
6.671	3.93579e-15
6.772	4.68776e-15
6.873	5.58114e-15
6.974	6.64206e-15
7.075	7.90142e-15
7.176	9.39573e-15
7.277	1.11681e-14
7.378	1.32694e-14
7.479	1.57595e-14
7.58	1.87094e-14
7.681	2.22024e-14
7.782	2.63367e-14
7.883	3.12282e-14
7.984	3.7013e-14
8.085	4.38516e-14
8.186	5.19324e-14
8.287	6.14773e-14
8.388	7.27468e-14
8.489	8.60469e-14
8.59	1.01737e-13
8.691	1.2024e-13
8.792	1.42049e-13
8.893	1.67745e-13
8.994	1.98009e-13
9.095	2.33638e-13
9.196	2.75566e-13
9.297	3.24885e-13
9.398	3.82874e-13
9.499	4.51031e-13
9.6	5.31103e-13
9.701	6.25135e-13
9.802	7.35515e-13
9.903	8.65032e-13
10.004	1.01694e-12
10.105	1.19504e-12
10.206	1.40376e-12
10.307	1.64825e-12
10.408	1.93454e-12
10.509	2.26963e-12
10.61	2.66168e-12
10.711	3.12018e-12
10.812	3.65616e-12
10.913	4.28246e-12
11.014	5.01401e-12
11.115	5.86813e-12
11.216	6.86494e-12
11.317	8.0278e-12
11.418	9.38381e-12
11.519	1.09644e-11
11.62	1.2806e-11
11.721	1.49508e-11
11.822	1.74477e-11
11.923	2.03533e-11
12.024	2.3733e-11
12.125	2.76628e-11
12.226	3.223e-11
12.327	3.7536e-11
12.428	4.36977e-11
12.529	5.08502e-11
12.63	5.91491e-11
12.731	6.87745e-11
12.832	7.99335e-11
12.933	9.28653e-11
13.034	1.07845e-10
13.135	1.2519e-10
13.236	1.45266e-10
13.337	1.68492e-10
13.438	1.95352e-10
13.539	2.26401e-10
13.64	2.62279e-10
13.741	3.03718e-10
13.842	3.5156e-10
13.943	4.06773e-10
14.044	4.70465e-10
14.145	5.43908e-10
14.246	6.28559e-10
14.347	7.26088e-10
14.448	8.38409e-10
14.549	9.67709e-10
14.65	1.1165e-09
14.751	1.28763e-09
14.852	1.48439e-09
14.953	1.71053e-09
15.054	1.9703e-09
15.155	2.2686e-09
15.256	2.611e-09
15.357	3.00385e-09
15.458	3.4544e-09
15.559	3.97091e-09
15.66	4.56278e-09
15.761	5.24074e-09
15.862	6.01697e-09
15.963	6.90536e-09
16.064	7.92168e-09
16.165	9.08387e-09
16.266	1.04123e-08
16.367	1.19302e-08
16.468	1.36637e-08
16.569	1.56428e-08
16.67	1.79012e-08
16.771	2.04773e-08
16.872	2.34145e-08
16.973	2.67622e-08
17.074	3.0576e-08
17.175	3.4919e-08
17.276	3.98627e-08
17.377	4.54877e-08
17.478	5.18853e-08
17.579	5.91585e-08
17.68	6.74237e-08
17.781	7.68124e-08
17.882	8.74727e-08
17.983	9.95718e-08
18.084	1.13298e-07
18.185	1.28864e-07
18.286	1.46509e-07
18.387	1.66502e-07
18.488	1.89146e-07
18.589	2.14783e-07
18.69	2.43794e-07
18.791	2.76611e-07
18.892	3.13717e-07
18.993	3.55656e-07
19.094	4.03037e-07
19.195	4.56544e-07
19.296	5.16943e-07
19.397	5.85094e-07
19.498	6.6196e-07
19.599	7.48618e-07
19.7	8.46275e-07
19.801	9.56282e-07
19.902	1.08015e-06
20.003	1.21956e-06
20.104	1.3764e-06
20.205	1.55278e-06
20.306	1.75105e-06
20.407	1.97383e-06
20.508	2.22405e-06
20.609	2.50496e-06
20.71	2.8202e-06
20.811	3.17382e-06
20.912	3.57032e-06
21.013	4.01471e-06
21.114	4.51258e-06
21.215	5.07012e-06
21.316	5.69422e-06
21.417	6.39254e-06
21.518	7.17357e-06
21.619	8.04673e-06
21.72	9.0225e-06
21.821	1.01125e-05
21.922	1.13295e-05
22.023	1.26878e-05
22.124	1.42031e-05
22.225	1.5893e-05
22.326	1.77766e-05
22.427	1.98754e-05
22.528	2.22129e-05
22.629	2.48152e-05
22.73	2.77111e-05
22.831	3.09322e-05
22.932	3.45137e-05
23.033	3.84942e-05
23.134	4.29162e-05
23.235	4.78267e-05
23.336	5.32774e-05
23.437	5.9325e-05
23.538	6.60321e-05
23.639	7.34675e-05
23.74	8.17068e-05
23.841	9.08331e-05
23.942	0.000100938
24.043	0.00011212
24.144	0.000124491
24.245	0.000138171
24.346	0.000153291
24.447	0.000169996
24.548	0.000188444
24.649	0.00020881
24.75	0.000231282
24.851	0.000256069
24.952	0.000283395
25.053	0.000313511
25.154	0.000346684
25.255	0.000383212
25.356	0.000423416
25.457	0.000467646
25.558	0.000516287
25.659	0.000569753
25.76	0.000628501
25.861	0.000693023
25.962	0.000763857
26.063	0.000841588
26.164	0.00092685
26.265	0.00102033
26.366	0.00112279
26.467	0.00123503
26.568	0.00135793
26.669	0.00149246
26.77	0.00163964
26.871	0.0018006
26.972	0.00197656
27.073	0.00216883
27.174	0.00237883
27.275	0.0026081
27.376	0.0028583
27.477	0.00313122
27.578	0.00342881
27.679	0.00375314
27.78	0.00410648
27.881	0.00449125
27.982	0.00491007
28.083	0.00536575
28.184	0.00586133
28.285	0.00640007
28.386	0.00698548
28.487	0.00762133
28.588	0.00831166
28.689	0.00906082
28.79	0.00987348
28.891	0.0107546
28.992	0.0117096
29.093	0.0127443
29.194	0.0138646
29.295	0.0150773
29.396	0.0163894
29.497	0.0178085
29.598	0.0193424
29.699	0.021
29.8	0.0227903
29.901	0.0247231
30.002	0.0268089
30.103	0.0290588
30.204	0.0314847
30.305	0.0340992
30.406	0.0369157
30.507	0.0399486
30.608	0.043213
30.709	0.0467251
30.81	0.050502
30.911	0.0545619
31.012	0.0589242
31.113	0.0636092
31.214	0.0686388
31.315	0.0740359
31.416	0.0798247
31.517	0.0860311
31.618	0.0926821
31.719	0.0998067
31.82	0.107435
31.921	0.115599
32.022	0.124333
32.123	0.133672
32.224	0.143654
32.325	0.154319
32.426	0.165708
32.527	0.177864
32.628	0.190834
32.729	0.204667
32.83	0.219413
32.931	0.235125
33.032	0.25186
33.133	0.269676
33.234	0.288634
33.335	0.308799
33.436	0.330238
33.537	0.353021
33.638	0.377222
33.739	0.402917
33.84	0.430188
33.941	0.459117
34.042	0.489791
34.143	0.522302
34.244	0.556743
34.345	0.593213
34.446	0.631814
34.547	0.672653
34.648	0.71584
34.749	0.761488
34.85	0.809716
34.951	0.860648
35.052	0.914411
35.153	0.971135
35.254	1.03096
35.355	1.09402
35.456	1.16046
35.557	1.23044
35.658	1.30411
35.759	1.38162
35.86	1.46314
35.961	1.54884
36.062	1.63889
36.163	1.73347
36.264	1.83276
36.365	1.93695
36.466	2.04622
36.567	2.16078
36.668	2.28082
36.769	2.40654
36.87	2.53816
36.971	2.67589
37.072	2.81994
37.173	2.97053
37.274	3.12789
37.375	3.29223
37.476	3.4638
37.577	3.64283
37.678	3.82954
37.779	4.02418
37.88	4.22699
37.981	4.43821
38.082	4.65808
38.183	4.88686
38.284	5.12477
38.385	5.37208
38.486	5.62902
38.587	5.89584
38.688	6.1728
38.789	6.46012
38.89	6.75807
38.991	7.06687
39.092	7.38676
39.193	7.71799
39.294	8.06078
39.395	8.41536
39.496	8.78195
39.597	9.16077
39.698	9.55204
39.799	9.95595
39.9	10.3727
40.001	10.8025
40.102	11.2455
40.203	11.7019
40.304	12.1719
40.405	12.6556
40.506	13.1531
40.607	13.6646
40.708	14.1902
40.809	14.73
40.91	15.2842
41.011	15.8526
41.112	16.4356
41.213	17.033
41.314	17.6449
41.415	18.2714
41.516	18.9123
41.617	19.5678
41.718	20.2377
41.819	20.922
41.92	21.6207
42.021	22.3335
42.122	23.0605
42.223	23.8014
42.324	24.5561
42.425	25.3243
42.526	26.106
42.627	26.9008
42.728	27.7085
42.829	28.5288
42.93	29.3614
43.031	30.206
43.132	31.0622
43.233	31.9296
43.334	32.8078
43.435	33.6965
43.536	34.5951
43.637	35.5032
43.738	36.4203
43.839	37.3458
43.94	38.2792
44.041	39.2199
44.142	40.1674
44.243	41.121
44.344	42.08
44.445	43.0438
44.546	44.0117
44.647	44.9831
44.748	45.9571
44.849	46.9331
44.95	47.9102
45.051	48.8877
45.152	49.8649
45.253	50.8408
45.354	51.8146
45.455	52.7856
45.556	53.7528
45.657	54.7154
45.758	55.6726
45.859	56.6233
45.96	57.5668
46.061	58.5022
46.162	59.4285
46.263	60.3448
46.364	61.2503
46.465	62.144
46.566	63.025
46.667	63.8924
46.768	64.7454
46.869	65.5829
46.97	66.4042
47.071	67.2084
47.172	67.9945
47.273	68.7618
47.374	69.5094
47.475	70.2364
47.576	70.942
47.677	71.6256
47.778	72.2862
47.879	72.9231
47.98	73.5357
48.081	74.1231
48.182	74.6848
48.283	75.22
48.384	75.7281
48.485	76.2086
48.586	76.6608
48.687	77.0843
48.788	77.4785
48.889	77.8429
48.99	78.1771
49.091	78.4807
49.192	78.7534
49.293	78.9948
49.394	79.2046
49.495	79.3825
49.596	79.5284
49.697	79.6421
49.798	79.7234
49.899	79.7722
50	79.7885
50.101	79.7722
50.202	79.7234
50.303	79.6421
50.404	79.5284
50.505	79.3825
50.606	79.2046
50.707	78.9948
50.808	78.7534
50.909	78.4807
51.01	78.1771
51.111	77.8429
51.212	77.4785
51.313	77.0843
51.414	76.6608
51.515	76.2086
51.616	75.7281
51.717	75.22
51.818	74.6848
51.919	74.1231
52.02	73.5357
52.121	72.9231
52.222	72.2862
52.323	71.6256
52.424	70.942
52.525	70.2364
52.626	69.5094
52.727	68.7618
52.828	67.9945
52.929	67.2084
53.03	66.4042
53.131	65.5829
53.232	64.7454
53.333	63.8924
53.434	63.025
53.535	62.144
53.636	61.2503
53.737	60.3448
53.838	59.4285
53.939	58.5022
54.04	57.5668
54.141	56.6233
54.242	55.6726
54.343	54.7154
54.444	53.7528
54.545	52.7856
54.646	51.8146
54.747	50.8408
54.848	49.8649
54.949	48.8877
55.05	47.9102
55.151	46.9331
55.252	45.9571
55.353	44.9831
55.454	44.0117
55.555	43.0438
55.656	42.08
55.757	41.121
55.858	40.1674
55.959	39.2199
56.06	38.2792
56.161	37.3458
56.262	36.4203
56.363	35.5032
56.464	34.5951
56.565	33.6965
56.666	32.8078
56.767	31.9296
56.868	31.0622
56.969	30.206
57.07	29.3614
57.171	28.5288
57.272	27.7085
57.373	26.9008
57.474	26.106
57.575	25.3243
57.676	24.5561
57.777	23.8014
57.878	23.0605
57.979	22.3335
58.08	21.6207
58.181	20.922
58.282	20.2377
58.383	19.5678
58.484	18.9123
58.585	18.2714
58.686	17.6449
58.787	17.033
58.888	16.4356
58.989	15.8526
59.09	15.2842
59.191	14.73
59.292	14.1902
59.393	13.6646
59.494	13.1531
59.595	12.6556
59.696	12.1719
59.797	11.7019
59.898	11.2455
59.999	10.8025
60.1	10.3727
60.201	9.95595
60.302	9.55204
60.403	9.16077
60.504	8.78195
60.605	8.41536
60.706	8.06078
60.807	7.71799
60.908	7.38676
61.009	7.06687
61.11	6.75807
61.211	6.46012
61.312	6.1728
61.413	5.89584
61.514	5.62902
61.615	5.37208
61.716	5.12477
61.817	4.88686
61.918	4.65808
62.019	4.43821
62.12	4.22699
62.221	4.02418
62.322	3.82954
62.423	3.64283
62.524	3.4638
62.625	3.29223
62.726	3.12789
62.827	2.97053
62.928	2.81994
63.029	2.67589
63.13	2.53816
63.231	2.40654
63.332	2.28082
63.433	2.16078
63.534	2.04622
63.635	1.93695
63.736	1.83276
63.837	1.73347
63.938	1.63889
64.039	1.54884
64.14	1.46314
64.241	1.38162
64.342	1.30411
64.443	1.23044
64.544	1.16046
64.645	1.09402
64.746	1.03096
64.847	0.971135
64.948	0.914411
65.049	0.860648
65.15	0.809716
65.251	0.761488
65.352	0.71584
65.453	0.672653
65.554	0.631814
65.655	0.593213
65.756	0.556743
65.857	0.522302
65.958	0.489791
66.059	0.459117
66.16	0.430188
66.261	0.402917
66.362	0.377222
66.463	0.353021
66.564	0.330238
66.665	0.308799
66.766	0.288634
66.867	0.269676
66.968	0.25186
67.069	0.235125
67.17	0.219413
67.271	0.204667
67.372	0.190834
67.473	0.177864
67.574	0.165708
67.675	0.154319
67.776	0.143654
67.877	0.133672
67.978	0.124333
68.079	0.115599
68.18	0.107435
68.281	0.0998067
68.382	0.0926821
68.483	0.0860311
68.584	0.0798247
68.685	0.0740359
68.786	0.0686388
68.887	0.0636092
68.988	0.0589242
69.089	0.0545619
69.19	0.050502
69.291	0.0467251
69.392	0.043213
69.493	0.0399486
69.594	0.0369157
69.695	0.0340992
69.796	0.0314847
69.897	0.0290588
69.998	0.0268089
70.099	0.0247231
70.2	0.0227903
70.301	0.021
70.402	0.0193424
70.503	0.0178085
70.604	0.0163894
70.705	0.0150773
70.806	0.0138646
70.907	0.0127443
71.008	0.0117096
71.109	0.0107546
71.21	0.00987348
71.311	0.00906082
71.412	0.00831166
71.513	0.00762133
71.614	0.00698548
71.715	0.00640007
71.816	0.00586133
71.917	0.00536575
72.018	0.00491007
72.119	0.00449125
72.22	0.00410648
72.321	0.00375314
72.422	0.00342881
72.523	0.00313122
72.624	0.0028583
72.725	0.0026081
72.826	0.00237883
72.927	0.00216883
73.028	0.00197656
73.129	0.0018006
73.23	0.00163964
73.331	0.00149246
73.432	0.00135793
73.533	0.00123503
73.634	0.00112279
73.735	0.00102033
73.836	0.00092685
73.937	0.000841588
74.038	0.000763857
74.139	0.000693023
74.24	0.000628501
74.341	0.000569753
74.442	0.000516287
74.543	0.000467646
74.644	0.000423416
74.745	0.000383212
74.846	0.000346684
74.947	0.000313511
75.048	0.000283395
75.149	0.000256069
75.25	0.000231282
75.351	0.00020881
75.452	0.000188444
75.553	0.000169996
75.654	0.000153291
75.755	0.000138171
75.856	0.000124491
75.957	0.00011212
76.058	0.000100938
76.159	9.08331e-05
76.26	8.17068e-05
76.361	7.34675e-05
76.462	6.60321e-05
76.563	5.9325e-05
76.664	5.32774e-05
76.765	4.78267e-05
76.866	4.29162e-05
76.967	3.84942e-05
77.068	3.45137e-05
77.169	3.09322e-05
77.27	2.77111e-05
77.371	2.48152e-05
77.472	2.22129e-05
77.573	1.98754e-05
77.674	1.77766e-05
77.775	1.5893e-05
77.876	1.42031e-05
77.977	1.26878e-05
78.078	1.13295e-05
78.179	1.01125e-05
78.28	9.0225e-06
78.381	8.04673e-06
78.482	7.17357e-06
78.583	6.39254e-06
78.684	5.69422e-06
78.785	5.07012e-06
78.886	4.51258e-06
78.987	4.01471e-06
79.088	3.57032e-06
79.189	3.17382e-06
79.29	2.8202e-06
79.391	2.50496e-06
79.492	2.22405e-06
79.593	1.97383e-06
79.694	1.75105e-06
79.795	1.55278e-06
79.896	1.3764e-06
79.997	1.21956e-06
80.098	1.08015e-06
80.199	9.56282e-07
80.3	8.46275e-07
80.401	7.48618e-07
80.502	6.6196e-07
80.603	5.85094e-07
80.704	5.16943e-07
80.805	4.56544e-07
80.906	4.03037e-07
81.007	3.55656e-07
81.108	3.13717e-07
81.209	2.76611e-07
81.31	2.43794e-07
81.411	2.14783e-07
81.512	1.89146e-07
81.613	1.66502e-07
81.714	1.46509e-07
81.815	1.28864e-07
81.916	1.13298e-07
82.017	9.95718e-08
82.118	8.74727e-08
82.219	7.68124e-08
82.32	6.74237e-08
82.421	5.91585e-08
82.522	5.18853e-08
82.623	4.54877e-08
82.724	3.98627e-08
82.825	3.4919e-08
82.926	3.0576e-08
83.027	2.67622e-08
83.128	2.34145e-08
83.229	2.04773e-08
83.33	1.79012e-08
83.431	1.56428e-08
83.532	1.36637e-08
83.633	1.19302e-08
83.734	1.04123e-08
83.835	9.08387e-09
83.936	7.92168e-09
84.037	6.90536e-09
84.138	6.01697e-09
84.239	5.24074e-09
84.34	4.56278e-09
84.441	3.97091e-09
84.542	3.4544e-09
84.643	3.00385e-09
84.744	2.611e-09
84.845	2.2686e-09
84.946	1.9703e-09
85.047	1.71053e-09
85.148	1.48439e-09
85.249	1.28763e-09
85.35	1.1165e-09
85.451	9.67709e-10
85.552	8.38409e-10
85.653	7.26088e-10
85.754	6.28559e-10
85.855	5.43908e-10
85.956	4.70465e-10
86.057	4.06773e-10
86.158	3.5156e-10
86.259	3.03718e-10
86.36	2.62279e-10
86.461	2.26401e-10
86.562	1.95352e-10
86.663	1.68492e-10
86.764	1.45266e-10
86.865	1.2519e-10
86.966	1.07845e-10
87.067	9.28653e-11
87.168	7.99335e-11
87.269	6.87745e-11
87.37	5.91491e-11
87.471	5.08502e-11
87.572	4.36977e-11
87.673	3.7536e-11
87.774	3.223e-11
87.875	2.76628e-11
87.976	2.3733e-11
88.077	2.03533e-11
88.178	1.74477e-11
88.279	1.49508e-11
88.38	1.2806e-11
88.481	1.09644e-11
88.582	9.38381e-12
88.683	8.0278e-12
88.784	6.86494e-12
88.885	5.86813e-12
88.986	5.01401e-12
89.087	4.28246e-12
89.188	3.65616e-12
89.289	3.12018e-12
89.39	2.66168e-12
89.491	2.26963e-12
89.592	1.93454e-12
89.693	1.64825e-12
89.794	1.40376e-12
89.895	1.19504e-12
89.996	1.01694e-12
90.097	8.65032e-13
90.198	7.35515e-13
90.299	6.25135e-13
90.4	5.31103e-13
90.501	4.51031e-13
90.602	3.82874e-13
90.703	3.24885e-13
90.804	2.75566e-13
90.905	2.33638e-13
91.006	1.98009e-13
91.107	1.67745e-13
91.208	1.42049e-13
91.309	1.2024e-13
91.41	1.01737e-13
91.511	8.60469e-14
91.612	7.27468e-14
91.713	6.14773e-14
91.814	5.19324e-14
91.915	4.38516e-14
92.016	3.7013e-14
92.117	3.12282e-14
92.218	2.63367e-14
92.319	2.22024e-14
92.42	1.87094e-14
92.521	1.57595e-14
92.622	1.32694e-14
92.723	1.11681e-14
92.824	9.39573e-15
92.925	7.90142e-15
93.026	6.64206e-15
93.127	5.58114e-15
93.228	4.68776e-15
93.329	3.93579e-15
93.43	3.30309e-15
93.531	2.77097e-15
93.632	2.32362e-15
93.733	1.9477e-15
93.834	1.63193e-15
93.935	1.3668e-15
94.036	1.14427e-15
94.137	9.57586e-16
94.238	8.01029e-16
94.339	6.69795e-16
94.44	5.59833e-16
94.541	4.67733e-16
94.642	3.90625e-16
94.743	3.26095e-16
94.844	2.72115e-16
94.945	2.26977e-16
95.046	1.8925e-16
95.147	1.57729e-16
95.248	1.31405e-16
95.349	1.09429e-16
95.45	9.10911e-17
95.551	7.57955e-17
95.652	6.30425e-17
95.753	5.24138e-17
95.854	4.35593e-17
95.955	3.61859e-17
96.056	3.00484e-17
96.157	2.49416e-17
96.258	2.06943e-17
96.359	1.71633e-17
96.46	1.42289e-17
96.561	1.17915e-17
96.662	9.76755e-18
96.763	8.08772e-18
96.864	6.69406e-18
96.965	5.53829e-18
97.066	4.5802e-18
97.167	3.78631e-18
97.268	3.12875e-18
97.369	2.58433e-18
97.47	2.13377e-18
97.571	1.76105e-18
97.672	1.45284e-18
97.773	1.19808e-18
97.874	9.87591e-19
97.975	8.1375e-19
98.076	6.70236e-19
98.177	5.51807e-19
98.278	4.54119e-19
98.379	3.73573e-19
98.48	3.07187e-19
98.581	2.52496e-19
98.682	2.07457e-19
98.783	1.70382e-19
98.884	1.39876e-19
98.985	1.14785e-19
99.086	9.41565e-20
99.187	7.72036e-20
99.288	6.32773e-20
99.389	5.18419e-20
99.49	4.24558e-20
99.591	3.47549e-20
99.692	2.84392e-20
99.793	2.32617e-20
99.894	1.9019e-20
99.995	1.55439e-20
100.096	1.26985e-20
100.197	1.03697e-20
100.298	8.46457e-21
100.399	6.90663e-21
100.5	5.63313e-21
